5396481
5396482
5396483
5396484
5396485
5396486
5396487
5396488
5396489
5396490
5396491
5396492
5396493
5396494
5396495
5396496
5396497
5396498
5396499
5396500
5396501
5396502
5396503
5396504
5396505
5396506
5396507
5396508
5396509
5396510
5396511
5396512
5396513
5396514
5396515
5396516
5396517
5396518
5396519
5396520
5396521
5396522
5396523
5396524
5396525
5396526
5396527
5396528
5396529
5396530
5396531
5396532
5396533
5396534
5396535
5396536
5396537
5396538
5396539
5396540
5396541
5396542
5396543
5396544
5396545
5396546
5396547
5396548
5396549
5396550
5396551
5396552
5396554
5396555
5396556
5396557
5396558
5396559
5396560
5396561
5396562
5396563
5396564
5396565
5396566
5396567
5396568
5396569
5396570
5396571
5396572
5396573
5396574
5396575
5396576
5396577
5396578
5396579
5396580
5396581
5396582
5396583
5396584
5396585
5396586
5396587
5396588
5396589
5396590
5396591
5396592
5396593
5396594
5396595
5396596
5396597
5396599
5396600
5396601
5396602
5396603
5396604
5396605
5396606
5396607
5396608
5396609
5396610
5396611
5396612
5396613
5396614
5396615
5396616
5396617
5396618
5396619
5396620
5396621
5396622
5396623
5396624
5396625
5396626
5396627
5396628
5396629
5396630
5396631
5396632
5396633
5396634
5396635
5396636
5396637
5396638
5396639
5396640
5396641
5396642
5396643
5396644
5396645
5396646
5396647
5396648
5396649
5396650
5396651
5396652
5396653
5396654
5396655
5396656
5396657
5396658
5396659
5396660
5396661
5396662
5396663
5396664
5396665
5396666
5396667
5396668
5396669
5396670
5396671
5396672
5396673
5396674
5396675
5396676
5396677
5396679
5396680
5396681
5396682
5396683
5396684
5396685
5396686
5396687
5396688
5396689
5396690
5396691
5396692
5396693
5396694
5396695
5396696
5396697
5396698
5396699
5396700
5396701
5396702
5396703
5396704
5396705
5396706
5396707
5396708
5396709
5396710
5396711
5396712
5396713
5396714
5396715
5396716
5396717
5396718
5396719
5396720
5396721
5396722
5396723
5396724
5396726
5396727
5396728
5396729
5396730
5396731
5396732
5396733
5396734
5396735
5396736
5396737
5396738
5396739
5396740
5396741
5396742
5396743
5396744
5396745
5396746
5396747
5396748
5396749
5396750
5396751
5396752
5396753
5396754
5396755
5396756
5396757
5396758
5396759
5396760
5396761
5396762
5396763
5396764
5396765
5396766
5396767
5396768
5396769
5396770
5396771
5396772
5396773
5396774
5396775
5396776
5396777
5396778
5396779
5396780
5396781
5396782
5396783
5396784
5396785
5396786
5396787
5396788
5396789
5396790
5396791
5396792
5396793
5396794
5396795
5396796
5396797
5396798
5396799
5396800
5396801
5396802
5396803
5396804
5396805
5396806
5396807
5396808
5396809
5396810
5396811
5396812
5396813
5396814
5396815
5396816
5396817
5396818
5396819
5396820
5396821
5396822
5396823
5396824
5396825
5396826
5396827
5396828
5396829
5396830
5396831
5396832
5396833
5396834
5396835
5396836
5396837
5396838
5396839
5396840
5396841
5396843
5396844
5396845
5396846
5396847
5396848
5396849
5396850
5396851
5396852
5396853
5396854
5396855
5396856
5396857
5396858
5396859
5396860
5396861
5396862
5396863
5396864
5396865
5396866
5396867
5396868
5396869
5396870
5396871
5396872
5396873
5396874
5396875
5396876
5396877
5396878
5396879
5396880
5396881
5396882
5396883
5396884
5396885
5396886
5396887
5396888
5396889
5396890
5396891
5396892
5396893
5396894
5396895
5396896
5396897
5396898
5396899
5396900
5396901
5396902
5396903
5396904
5396905
5396906
5396907
5396908
5396909
5396910
5396911
5396912
5396913
5396914
5396915
5396916
5396917
5396918
5396919
5396920
5396921
5396922
5396923
5396924
5396925
5396926
5396927
5396928
5396929
5396930
5396931
5396932
5396933
5396934
5396935
5396936
5396937
5396938
5396939
5396940
5396941
5396942
5396943
5396944
5396945
5396946
5396947
5396948
5396949
5396950
5396951
5396952
5396953
5396954
5396955
5396956
5396957
5396958
5396959
5396960
5396961
5396962
5396963
5396964
5396965
5396966
5396967
5396968
5396969
5396970
5396973
5396976
5396978
5396979
5396980
5396981
5396982
5396983
5396984
5396985
5396986
5396987
5396988
5396989
5396990
5396991
5396992
5396993
5396994
5396995
5396996
5396997
5396998
5396999
5397000
5397001
5397002
5397003
5397004
5397005
5397006
5397007
5397008
5397009
5397010
5397011
5397012
5397013
5397014
5397015
5397016
5397017
5397018
5397019
5397020
5397021
5397022
5397023
5397024
5397025
5397026
5397027
5397028
5397029
5397030
5397031
5397032
5397033
5397034
5397035
5397036
5397037
5397038
5397039
5397040
5397041
5397042
5397043
5397044
5397045
5397046
5397047
5397048
5397049
5397050
5397051
5397052
5397053
5397054
5397055
5397056
5397057
5397058
5397059
5397060
5397062
5397063
5397064
5397065
5397066
5397067
5397068
5397069
5397070
5397071
5397072
5397073
5397074
5397076
5397077
5397078
5397079
5397080
5397081
5397082
5397083
5397084
5397085
5397086
5397087
5397088
5397089
5397090
5397091
5397092
5397093
5397094
5397095
5397096
5397097
5397098
5397099
5397100
5397101
5397102
5397103
5397104
5397105
5397106
5397107
5397108
5397109
5397110
5397111
5397112
5397113
5397114
5397115
5397116
5397117
5397118
5397119
5397120
5397121
5397122
5397123
5397124
5397125
5397126
5397127
5397128
5397129
5397130
5397131
5397132
5397133
5397134
5397135
5397136
5397137
5397138
5397139
5397140
5397141
5397142
5397143
5397144
5397145
5397146
5397147
5397148
5397149
5397150
5397151
5397152
5397153
5397154
5397155
5397156
5397157
5397158
5397159
5397160
5397161
5397162
5397163
5397164
5397165
5397166
5397167
5397168
5397169
5397170
5397171
5397172
5397173
5397174
5397175
5397176
5397177
5397178
5397179
5397180
5397181
5397182
5397183
5397184
5397185
5397186
5397187
5397188
5397190
5397191
5397192
5397193
5397194
5397195
5397196
5397197
5397198
5397199
5397200
5397201
5397202
5397203
5397206
5397208
5397210
5397214
5397216
5397217
5397218
5397219
5397220
5397221
5397222
5397223
5397224
5397225
5397226
5397227
5397228
5397229
5397230
5397231
5397232
5397233
5397234
5397235
5397236
5397237
5397238
5397239
5397240
5397241
5397242
5397243
5397244
5397245
5397246
5397247
5397248
5397249
5397250
5397251
5397252
5397253
5397254
5397255
5397256
5397257
5397258
5397259
5397260
5397261
5397262
5397263
5397264
5397265
5397266
5397267
5397268
5397269
5397270
5397271
5397272
5397273
5397274
5397275
5397276
5397277
5397278
5397279
5397280
5397281
5397282
5397283
5397284
5397285
5397286
5397287
5397288
5397289
5397290
5397291
5397292
5397293
5397294
5397295
5397297
5397298
5397299
5397300
5397301
5397302
5397303
5397304
5397305
5397306
5397307
5397308
5397309
5397310
5397311
5397312
5397313
5397314
5397315
5397316
5397317
5397318
5397319
5397320
5397321
5397322
5397323
5397324
5397325
5397326
5397327
5397328
5397329
5397330
5397331
5397332
5397333
5397334
5397335
5397336
5397337
5397338
5397339
5397340
5397341
5397342
5397343
5397344
5397345
5397346
5397347
5397348
5397349
5397350
5397351
5397352
5397353
5397354
5397355
5397356
5397357
5397358
5397359
5397360
5397361
5397362
5397363
5397364
5397365
5397366
5397369
5397370
5397385
5397390
5397395
5397405
5397408